Dataset/FaceData/processed\2331540283\z5979382275782_b52bcf3d0f8caa8176beed754df7cdcd.png 137 259 746 1047
Dataset/FaceData/processed\2331540283\z5979382251770_adb5ff773c6f6a99e36d39663a02c077.png 166 231 788 1074
Dataset/FaceData/processed\2331540283\z5979382253634_d8f8d85aec8922f155e09344cecff009.png 109 67 775 955
Dataset/FaceData/processed\2331540283\z5979382286504_6e828783c1a461923afd65802b0f90bf.png 108 167 830 1113
Dataset/FaceData/processed\2331540283\z5979382261812_46ff88e8d442fc2e94f897a60acee495.png 178 223 794 1091
Dataset/FaceData/processed\2331540283\z5979382279745_761ef4fc153cf2d501f459b1e955f54d.png 101 177 844 1131
Dataset/FaceData/processed\2254810032\z5839930775533_f586f5af910744a62899d3b3d2a33789.png 364 721 1057 1697
Dataset/FaceData/processed\2254810032\z5839930778549_305cf7d0cc31167ab554b790e62a7edc.png 250 746 1069 1836
Dataset/FaceData/processed\2254810032\z5839930723230_688117e0f10ee4d293d10783fac15170.png 217 657 933 1605
Dataset/FaceData/processed\2254810032\z5839930708284_e11bf131837eba28a769df4ad62d83ca.png 277 586 1038 1642
Dataset/FaceData/processed\2254810032\z5839930777855_24f31c113c641bb3364d5d97feb31b3c.png 287 655 1045 1723
Dataset/FaceData/processed\2254810032\z5839930710448_cc1f9fde9d11d9f66e31bfa6ca8b288c.png 257 536 1165 1769
Dataset/FaceData/processed\2254810032\z5839930698549_a96195143d9b670b1cf37a73eb06bc3f.png 276 408 1185 1720
Dataset/FaceData/processed\2254810032\z5839930698451_b7952a0f427a5b1b6aa3891eae6f1201.png 341 818 966 1679
