Dataset/FaceData/processed\2331540042\z5980314991743_cfa265e97548045933faf14628d6b652.png 264 935 1313 2247
Dataset/FaceData/processed\2331540042\z5980314863177_f3c22be6f540d4e164fd91df3f734694.png 195 928 1038 2031
Dataset/FaceData/processed\2331540042\z5980314832922_e8ecbdf8265b3e60d798a40462f55efa.png 232 508 1367 2174
Dataset/FaceData/processed\2331540042\z5980314974652_32cf607e32b7eec2f72c843495daca84.png 154 1037 1271 2560
Dataset/FaceData/processed\2331540042\z5980314962987_f7bf9f00a2aca83529392cbf267a3fab.png 120 746 1231 2221
Dataset/FaceData/processed\2331540042\z5980314954753_8fb7756c84c3a339f1a005e837cbafa2.png 736 1187 1632 2467
Dataset/FaceData/processed\2331540042\z5980314915260_e0f1931d851cca68296e8c0dffba0163.png 74 870 998 2065
Dataset/FaceData/processed\2331540042\z5980314969003_374ca230cf4e4282b80f43cb4b60b5be.png 378 808 1483 2252
Dataset/FaceData/processed\2331540042\z5980314958459_ac62647396b8dfde527352a272756d57.png 339 403 1345 1808
Dataset/FaceData/processed\2254810032\z5980376916619_a7ceb3e71d4bdcd0bb7aaf6d2aad407e.png 373 763 1334 2038
Dataset/FaceData/processed\2254810032\z5980376845956_e46875dc2b23fc0b49271e7e3338ae4b.png 152 559 1262 2041
Dataset/FaceData/processed\2254810032\z5980376819967_c9c26f6738d6cae53d279a7007d53d91.png 185 633 1181 2046
Dataset/FaceData/processed\2254810032\z5980376836918_8c99b10e2ba97f96b822cf8bbc715cba.png 335 846 1025 1786
Dataset/FaceData/processed\2254810032\z5980376851931_087afe545509e8342fb199bfb1ea09bb.png 277 489 1248 1813
Dataset/FaceData/processed\2254810032\z5980376824448_6cbce69f21861f5a76d0fa3a9429cefc.png 232 829 1082 2027
Dataset/FaceData/processed\2254810032\z5980376822409_85a27b88a528168ecf2ac7e4f1b6fdcc.png 95 667 1074 2062
Dataset/FaceData/processed\2254810032\z5980376836222_3107ea02fffef8580e3d025b3059c9fd.png 97 605 1208 2184
Dataset/FaceData/processed\2254810032\z5980376826224_41a5e9d59956e9f2f1776aa9cf71a46a.png 0 764 819 1960
Dataset/FaceData/processed\2331540283\z5979382286504_6e828783c1a461923afd65802b0f90bf.png 108 167 830 1113
Dataset/FaceData/processed\2331540283\z5979382261812_46ff88e8d442fc2e94f897a60acee495.png 178 223 794 1091
Dataset/FaceData/processed\2331540283\z5979382251770_adb5ff773c6f6a99e36d39663a02c077.png 166 231 788 1074
Dataset/FaceData/processed\2331540283\z5979382253634_d8f8d85aec8922f155e09344cecff009.png 109 67 775 955
Dataset/FaceData/processed\2331540283\z5979382279745_761ef4fc153cf2d501f459b1e955f54d.png 101 177 844 1131
Dataset/FaceData/processed\2331540283\z5979382275782_b52bcf3d0f8caa8176beed754df7cdcd.png 137 259 746 1047
