../Dataset/FaceData/processed\2331540042\z5991349713163_2f99b935f4ae6e5713ea6fb2e73aef8d.png 233 567 1401 2221
../Dataset/FaceData/processed\2331540042\z5991349589151_e3cfa46008e821e78701bfa4fb649912.png 328 816 1432 2319
../Dataset/FaceData/processed\2331540042\z5991349523966_21d3c6b50dd99d56d2c85eb63b9ae395.png 261 870 1415 2438
../Dataset/FaceData/processed\2331540042\z5980314915260_e0f1931d851cca68296e8c0dffba0163.png 74 870 998 2065
../Dataset/FaceData/processed\2331540042\z5980314954753_8fb7756c84c3a339f1a005e837cbafa2.png 736 1187 1632 2467
../Dataset/FaceData/processed\2331540042\z5991349753115_fad4e061945c240a061add8cfae09aa0.png 317 770 1228 1924
../Dataset/FaceData/processed\2331540042\z5991349655348_8ff25aac5ce6f4de9bdf04c0dab5e9cc.png 407 684 1302 1913
../Dataset/FaceData/processed\2331540042\z5991349536557_7a3091428fe6157f4667279c2fdb4a62.png 243 847 1404 2395
../Dataset/FaceData/processed\2331540042\z5980314991743_cfa265e97548045933faf14628d6b652.png 264 935 1313 2247
../Dataset/FaceData/processed\2331540042\z5991349577437_1035d93ed8e7f55a24e77e9200b7c44b.png 312 819 1395 2273
../Dataset/FaceData/processed\2331540042\z5991349686425_4625f437c0a9ddf45808056060d0c3fc.png 239 766 1203 2175
../Dataset/FaceData/processed\2331540042\z5980314958459_ac62647396b8dfde527352a272756d57.png 339 403 1345 1808
../Dataset/FaceData/processed\2331540042\z5991349614835_6bc2b1b69037c642b501411dedc3646b.png 358 774 1330 2121
../Dataset/FaceData/processed\2331540042\z5980314969003_374ca230cf4e4282b80f43cb4b60b5be.png 378 808 1483 2252
../Dataset/FaceData/processed\2331540042\z5980314863177_f3c22be6f540d4e164fd91df3f734694.png 195 928 1038 2031
../Dataset/FaceData/processed\2331540042\z5991349521647_8206f88ddc542b1c1b49e7428f4dc3f5.png 286 847 1424 2380
../Dataset/FaceData/processed\2331540042\z5991349743391_bad6f362eb271e8bad446536e1cab58c.png 163 446 1411 2170
../Dataset/FaceData/processed\2331540042\z5991349787868_796b57f4fc2a467eebcbf09bc3c54a61.png 321 719 1482 2357
../Dataset/FaceData/processed\2331540042\z5991349555562_66cfe31b13ed7b0546838e3be07d15d7.png 285 872 1429 2460
../Dataset/FaceData/processed\2331540042\z5991349688833_6b372b2655e5b981db2baa39e26d1064.png 217 595 1422 2273
../Dataset/FaceData/processed\2331540042\z5991349802074_b7c2c82fb63e991c36c816987f7d390b.png 324 838 1430 2480
../Dataset/FaceData/processed\2331540042\z5991349712401_752f7a10d1e539ad9da02599d7f1cabe.png 262 529 1388 2216
../Dataset/FaceData/processed\2331540042\z5991349603314_81b50c897e62c9d57a85ac99d04331e6.png 282 860 1276 2192
../Dataset/FaceData/processed\2331540042\z5991349611311_03fae6f366b028a1d7a086a200a07396.png 162 761 1103 2125
../Dataset/FaceData/processed\2331540042\z5991349743150_ea1dc2bf72fc291ce8a887e14619b3c0.png 420 411 1609 2035
../Dataset/FaceData/processed\2331540042\z5980314974652_32cf607e32b7eec2f72c843495daca84.png 154 1037 1271 2560
../Dataset/FaceData/processed\2331540042\z5991349513427_7901e52581f50ff9a8fd8991e499e495.png 263 859 1398 2412
../Dataset/FaceData/processed\2331540042\z5980314832922_e8ecbdf8265b3e60d798a40462f55efa.png 232 508 1367 2174
../Dataset/FaceData/processed\2331540042\z5991349574415_f259bc153fb9b3c2780eb28f933c13c1.png 164 904 1214 2265
../Dataset/FaceData/processed\2331540042\z5991349762237_b4f1c152a0e700606736b81e46140545.png 227 869 1312 2483
../Dataset/FaceData/processed\2331540042\z5991349614596_aa3aaf69e74fb3b6c3ad2ab15d4bf2bc.png 317 857 1244 2138
../Dataset/FaceData/processed\2331540042\z5991349657876_a1ad79809433342c4521f0e25354c795.png 300 721 1168 1925
../Dataset/FaceData/processed\2331540042\z5991349730686_7c96b7c4dbae00dca3bf2c30997b438c.png 338 652 1527 2351
../Dataset/FaceData/processed\2331540042\z5991349820100_529aa6e9eb460f75d0e7ddda675f43d4.png 383 757 1338 2048
../Dataset/FaceData/processed\2331540042\z5991349631939_a03a169783d9e1d7daf0a893b70989ff.png 332 761 1400 2187
../Dataset/FaceData/processed\2331540042\z5991349587865_1f04143c83bc4f74a2539121c826e944.png 358 861 1441 2324
../Dataset/FaceData/processed\2331540042\z5991349806616_4a7af6781a34ece15de63f8c21f807d1.png 311 845 1506 2542
../Dataset/FaceData/processed\2331540042\z5991349534837_68fb0e8c608ba56d1c9db5f5eab6463e.png 392 863 1428 2228
../Dataset/FaceData/processed\2331540042\z5991349771342_e1366afe0dab134377bd2eab86a1283a.png 225 1003 1329 2552
../Dataset/FaceData/processed\2331540042\z5991349669343_a5780fc93d771ec714f07bcdabe7aff4.png 263 781 1226 2212
../Dataset/FaceData/processed\2331540042\z5991349648494_5c038f0b7a6362155f8d964535cf451d.png 361 735 1349 2028
../Dataset/FaceData/processed\2331540042\z5991349778561_a21ace6c2a33f1f51fd40e1179c57af1.png 167 903 1257 2536
../Dataset/FaceData/processed\2331540042\z5991349553256_ae6ecdc00c2a04301e72a17d68ab7528.png 264 867 1298 2189
../Dataset/FaceData/processed\2331540042\z5991349790428_773a75492036c9d1e598e6d038e602f2.png 195 695 1260 2251
../Dataset/FaceData/processed\2331540042\z5991349625301_d1d7b10f9ac2b437bd8eda077f5e9672.png 328 844 1321 2193
../Dataset/FaceData/processed\2331540042\z5991349673602_08acb5127e39b700691462c360b40270.png 324 742 1324 2137
../Dataset/FaceData/processed\2331540042\z5991349549405_99e33f502cb927caf87a4b6bd1ab441c.png 263 861 1383 2452
../Dataset/FaceData/processed\2331540042\z5991349691000_0a28381caa5cb905a71d36f9cb8dfe14.png 311 785 1271 2152
../Dataset/FaceData/processed\2331540042\z5991349806863_c686ad7e7c33248264963227ec96967f.png 305 639 1304 2110
../Dataset/FaceData/processed\2331540042\z5991349567999_b72ca2eaa9997a8af07b042ee0261d6e.png 220 974 1260 2304
../Dataset/FaceData/processed\2331540042\z5980314962987_f7bf9f00a2aca83529392cbf267a3fab.png 120 746 1231 2221
../Dataset/FaceData/processed\2331540042\z5991349652445_5f2268b5304f03f130c83053ed56ed91.png 282 742 1161 1884
../Dataset/FaceData/processed\2331540042\z5991349698901_4bbef0753be0c0c8f5ad9283e670872a.png 212 567 1393 2200
../Dataset/FaceData/processed\2331540042\z5991349729534_752b2daaa53babea955179a5a34988fd.png 327 635 1542 2369
../Dataset/FaceData/processed\2331540042\z5991349702625_0e1e647e018bc8c43d23f5b8b97b4085.png 213 545 1392 2178
../Dataset/FaceData/processed\2331540042\z5991349765662_89ddaef7a8a430668cc4549afe2610a8.png 409 714 1417 2046
../Dataset/FaceData/processed\2331540042\z5991349563247_f35b32f0ad16a0f0580924fd55e2e50d.png 264 823 1373 2351
../Dataset/FaceData/processed\2331540042\z5991349639209_53369fcd51377ada18941d1516185d5c.png 302 733 1381 2174
../Dataset/FaceData/processed\2331540042\z5991349746688_884655d5511061d1ccba9056d56c098a.png 287 595 1383 2016
../Dataset/FaceData/processed\2331540283\z5979382251770_adb5ff773c6f6a99e36d39663a02c077.png 166 231 788 1074
../Dataset/FaceData/processed\2331540283\z5979382275782_b52bcf3d0f8caa8176beed754df7cdcd.png 137 259 746 1047
../Dataset/FaceData/processed\2331540283\z5979382279745_761ef4fc153cf2d501f459b1e955f54d.png 101 177 844 1131
../Dataset/FaceData/processed\2331540283\z5979382253634_d8f8d85aec8922f155e09344cecff009.png 109 67 775 955
../Dataset/FaceData/processed\2331540283\z5979382261812_46ff88e8d442fc2e94f897a60acee495.png 178 223 794 1091
../Dataset/FaceData/processed\2331540283\z5979382286504_6e828783c1a461923afd65802b0f90bf.png 108 167 830 1113
../Dataset/FaceData/processed\224810032\224810032_36.png 201 70 447 362
../Dataset/FaceData/processed\224810032\224810032_1.png 124 71 430 451
../Dataset/FaceData/processed\224810032\224810032_29.png 213 68 479 407
../Dataset/FaceData/processed\224810032\224810032_46.png
../Dataset/FaceData/processed\224810032\224810032_20.png 60 93 338 427
../Dataset/FaceData/processed\224810032\224810032_10.png 139 93 438 466
../Dataset/FaceData/processed\224810032\224810032_60.png 171 83 418 391
../Dataset/FaceData/processed\224810032\224810032_42.png 177 92 429 409
../Dataset/FaceData/processed\224810032\224810032_62.png 178 80 422 381
../Dataset/FaceData/processed\224810032\224810032_23.png
../Dataset/FaceData/processed\224810032\224810032_63.png 176 76 420 374
../Dataset/FaceData/processed\224810032\224810032_6.png 118 87 436 475
../Dataset/FaceData/processed\224810032\224810032_48.png 154 106 489 480
../Dataset/FaceData/processed\224810032\224810032_18.png 137 57 428 421
../Dataset/FaceData/processed\224810032\224810032_25.png 48 73 317 408
../Dataset/FaceData/processed\224810032\224810032_3.png 111 79 427 460
../Dataset/FaceData/processed\224810032\224810032_35.png 202 62 452 368
../Dataset/FaceData/processed\224810032\224810032_8.png 142 70 462 469
../Dataset/FaceData/processed\224810032\224810032_43.png 179 120 436 440
../Dataset/FaceData/processed\224810032\224810032_38.png 198 72 445 361
../Dataset/FaceData/processed\224810032\224810032_13.png 110 104 390 454
../Dataset/FaceData/processed\224810032\224810032_2.png 134 83 434 454
../Dataset/FaceData/processed\224810032\224810032_28.png 188 70 461 411
../Dataset/FaceData/processed\224810032\224810032_31.png 211 65 480 406
../Dataset/FaceData/processed\224810032\224810032_16.png 107 92 390 444
../Dataset/FaceData/processed\224810032\224810032_21.png 17 47 307 411
../Dataset/FaceData/processed\224810032\224810032_32.png 205 82 462 403
../Dataset/FaceData/processed\224810032\224810032_50.png
../Dataset/FaceData/processed\224810032\224810032_11.png 138 100 426 458
../Dataset/FaceData/processed\224810032\224810032_33.png 196 47 462 379
../Dataset/FaceData/processed\224810032\224810032_64.png 178 78 418 376
../Dataset/FaceData/processed\224810032\224810032_5.png 118 87 437 475
../Dataset/FaceData/processed\224810032\224810032_44.png 176 108 446 445
../Dataset/FaceData/processed\224810032\224810032_26.png 99 95 363 416
../Dataset/FaceData/processed\224810032\224810032_7.png 125 69 448 472
../Dataset/FaceData/processed\224810032\224810032_39.png 197 69 446 367
../Dataset/FaceData/processed\224810032\224810032_19.png 108 89 384 432
../Dataset/FaceData/processed\224810032\224810032_53.png 121 96 485 480
../Dataset/FaceData/processed\224810032\224810032_58.png 178 77 453 416
../Dataset/FaceData/processed\224810032\224810032_4.png 108 63 432 467
../Dataset/FaceData/processed\224810032\224810032_14.png 102 86 389 447
../Dataset/FaceData/processed\224810032\224810032_51.png 119 97 485 480
../Dataset/FaceData/processed\224810032\224810032_54.png 119 77 471 480
../Dataset/FaceData/processed\224810032\224810032_59.png 175 81 428 395
../Dataset/FaceData/processed\224810032\224810032_22.png
../Dataset/FaceData/processed\224810032\224810032_47.png
../Dataset/FaceData/processed\224810032\224810032_17.png 134 94 412 435
../Dataset/FaceData/processed\224810032\224810032_40.png 187 64 445 384
../Dataset/FaceData/processed\224810032\224810032_24.png 17 106 284 418
../Dataset/FaceData/processed\224810032\224810032_41.png 182 80 439 400
../Dataset/FaceData/processed\224810032\224810032_12.png 134 91 421 455
../Dataset/FaceData/processed\224810032\224810032_37.png 200 60 449 362
../Dataset/FaceData/processed\224810032\224810032_34.png 192 43 455 368
../Dataset/FaceData/processed\224810032\224810032_56.png 157 50 467 437
../Dataset/FaceData/processed\224810032\224810032_55.png 129 53 471 478
../Dataset/FaceData/processed\224810032\224810032_52.png 120 96 485 480
../Dataset/FaceData/processed\224810032\224810032_61.png 169 84 417 389
../Dataset/FaceData/processed\224810032\224810032_27.png 142 85 407 403
../Dataset/FaceData/processed\224810032\224810032_30.png 209 65 479 409
../Dataset/FaceData/processed\224810032\224810032_15.png 107 94 388 444
../Dataset/FaceData/processed\224810032\224810032_57.png 178 70 465 428
../Dataset/FaceData/processed\224810032\224810032_9.png 143 72 460 471
../Dataset/FaceData/processed\224810032\224810032_49.png 141 106 509 480
../Dataset/FaceData/processed\224810032\224810032_45.png 171 108 444 447
