Dataset/FaceData/processed\2331540283\z5979382251770_adb5ff773c6f6a99e36d39663a02c077.png 166 231 788 1074
Dataset/FaceData/processed\2331540283\z5979382275782_b52bcf3d0f8caa8176beed754df7cdcd.png 137 259 746 1047
Dataset/FaceData/processed\2331540283\z5979382261812_46ff88e8d442fc2e94f897a60acee495.png 178 223 794 1091
Dataset/FaceData/processed\2331540283\z5979382279745_761ef4fc153cf2d501f459b1e955f54d.png 101 177 844 1131
Dataset/FaceData/processed\2331540283\z5979382253634_d8f8d85aec8922f155e09344cecff009.png 109 67 775 955
Dataset/FaceData/processed\2331540283\z5979382286504_6e828783c1a461923afd65802b0f90bf.png 108 167 830 1113
Dataset/FaceData/processed\2254810032\z5991281762747_b0117c5ca932363bc6caf76ac1c16706.png 102 411 1244 1988
Dataset/FaceData/processed\2254810032\z5991238751241_3c03b532aee62a7e2ee90aa4b886180f.png 233 748 983 1756
Dataset/FaceData/processed\2254810032\z5980376824448_6cbce69f21861f5a76d0fa3a9429cefc.png 232 829 1082 2027
Dataset/FaceData/processed\2254810032\z5991238735088_5cc6a90b2aaf827ee3c8967ca8f3f645.png 289 732 1111 1899
Dataset/FaceData/processed\2254810032\z5991122475351_97a5808a0fafa62d2d920ead5ac2f51f.png 311 695 1176 1942
Dataset/FaceData/processed\2254810032\z5991122501467_213497e0c3194eb73123028fb1affdbb.png 312 819 1036 1811
Dataset/FaceData/processed\2254810032\z5991281774232_78d64e7b9eee57d64a9688a6d3576b6f.png 357 709 1082 1739
Dataset/FaceData/processed\2254810032\z5991238227025_982d1a48f1de5df1564d3fd765ec04c7.png 307 441 1161 1582
Dataset/FaceData/processed\2254810032\z5991281792858_1cb2f57f504ca5c9c3cac9d6c5f976a2.png 385 654 1139 1694
Dataset/FaceData/processed\2254810032\z5991281526975_4e50c82c08ae3fe8c37fda2374fdfb74.png 298 622 1046 1662
Dataset/FaceData/processed\2254810032\z5991281515626_ca26577a62c2583f4c2c0067596495b3.png 372 584 1179 1717
Dataset/FaceData/processed\2254810032\z5991281780865_cfe861b889142c8e5717641c470b004b.png 319 791 1145 1889
Dataset/FaceData/processed\2254810032\z5991281536937_e9630c74a146a7ae36621d56cdc81bc1.png 262 699 1015 1679
Dataset/FaceData/processed\2254810032\z5980376836222_3107ea02fffef8580e3d025b3059c9fd.png 97 605 1208 2184
Dataset/FaceData/processed\2254810032\z5991281767426_3b67d6c1734502cb53533419d2a84902.png 247 811 1023 1873
Dataset/FaceData/processed\2254810032\z5991122471839_d85fd4e8794ff5eaf82143eef048aa49.png 267 811 1099 2006
Dataset/FaceData/processed\2254810032\z5991281812099_f675052f61779b6ae85f3ead6054aecf.png 459 721 1026 1500
Dataset/FaceData/processed\2254810032\z5980376826224_41a5e9d59956e9f2f1776aa9cf71a46a.png 0 764 819 1960
Dataset/FaceData/processed\2254810032\z5991122477154_876a749f982e71ac02536dd69f9bb874.png 463 884 1085 1761
Dataset/FaceData/processed\2254810032\z5991238746903_5238101548adb7c5d620d9bee15bd0fe.png 105 629 867 1681
Dataset/FaceData/processed\2254810032\z5991281800550_1df2ba7f5f1d33d729f259edb7ec5a02.png 565 727 1261 1688
Dataset/FaceData/processed\2254810032\z5980376836918_8c99b10e2ba97f96b822cf8bbc715cba.png 335 846 1025 1786
Dataset/FaceData/processed\2254810032\z5991238301764_7091a0bcd2f307b95eda079656de92c7.png 262 699 1015 1679
Dataset/FaceData/processed\2254810032\z5991281762857_0f3d12f4233b791c09a7c0a07910c905.png 289 732 1111 1899
Dataset/FaceData/processed\2254810032\z5991281815397_38d22bb1369c1baaee16ce7eb0cbe354.png 398 531 1184 1614
Dataset/FaceData/processed\2254810032\z5991281787600_c1d8bcff5f0b611b30e51532b5dab79b.png 378 598 1096 1624
Dataset/FaceData/processed\2254810032\z5991281766837_2f1ba5b2d9978362e2093b2e209ede20.png 345 704 1152 1774
Dataset/FaceData/processed\2254810032\z5980376916619_a7ceb3e71d4bdcd0bb7aaf6d2aad407e.png 373 763 1334 2038
Dataset/FaceData/processed\2254810032\z5991281802673_f1020f885a6ce26215a54bd7c234aacc.png 225 520 1425 2156
Dataset/FaceData/processed\2254810032\z5991238737966_47876ef0afa0940afec37715d94aceb0.png 102 411 1244 1988
Dataset/FaceData/processed\2254810032\z5991238385725_434c972392e94e044df2837cd9e11e16.png 253 661 1011 1667
Dataset/FaceData/processed\2254810032\z5991281540975_7ad1ef99a6243728f0afc3ac2ed8ac78.png 337 613 1122 1655
Dataset/FaceData/processed\2254810032\z5991281823874_9f15315829e11af3b75f726082e86716.png 472 814 986 1503
Dataset/FaceData/processed\2254810032\z5991281787144_3958128833fc92de8459121afe928928.png 319 604 1131 1699
Dataset/FaceData/processed\2254810032\z5991281806778_9134bbb02945978511fea34a33ed4149.png 248 850 830 1653
Dataset/FaceData/processed\2254810032\z5980376845956_e46875dc2b23fc0b49271e7e3338ae4b.png 152 559 1262 2041
Dataset/FaceData/processed\2254810032\z5991238283514_068d27543162b22cc1078a26b7d02049.png 298 622 1046 1662
Dataset/FaceData/processed\2254810032\z5991238749863_e09965d24798e29e736bc9b550a76dca.png 258 727 1035 1792
Dataset/FaceData/processed\2254810032\z5991281518884_4b133551af237f37294e1b43dfab96d6.png 307 441 1161 1582
Dataset/FaceData/processed\2254810032\z5991238733732_41d0ff96755affc372d3230f90ad7e87.png 337 613 1122 1655
Dataset/FaceData/processed\2254810032\z5991281528427_7c32d83d20c4133777f0777b528e303a.png 386 896 1016 1745
Dataset/FaceData/processed\2254810032\z5991281397294_362676f94aae29435d1ef8d4738c615b.png 257 795 1027 1849
Dataset/FaceData/processed\2254810032\z5991238226373_0fe72931fd54d24820fd9c0c27505537.png 372 584 1179 1717
Dataset/FaceData/processed\2254810032\z5991281539866_e9594695bd50bf410db9e54d455ab718.png 233 748 983 1756
Dataset/FaceData/processed\2254810032\z5991281801532_91697e5ba4f29deaf5d4dbcb906ea919.png 535 594 1235 1542
Dataset/FaceData/processed\2254810032\z5991281540242_49f744b1c798586803854505357db21d.png 323 723 994 1585
Dataset/FaceData/processed\2254810032\z5991281540719_18f5559a8b7c4d1abeb6b42a32a5d821.png 253 661 1011 1667
Dataset/FaceData/processed\2254810032\z5991281789447_b94af5fcc1622387bba35acc5505de52.png 330 723 1116 1767
Dataset/FaceData/processed\2254810032\z5991281827955_e21723c1f94d62744ec893b217e130c0.png 342 897 865 1597
Dataset/FaceData/processed\2254810032\z5991238761994_d881a57c1a915dafd9b00c038500aceb.png 323 723 994 1585
Dataset/FaceData/processed\2254810032\z5991281519296_257249b0534452c99aa17a2654d8f79f.png 258 727 1035 1792
Dataset/FaceData/processed\2254810032\z5980376819967_c9c26f6738d6cae53d279a7007d53d91.png 185 633 1181 2046
Dataset/FaceData/processed\2254810032\z5991281543925_970057cc9c91a13f2b19cff3ab2bbd19.png 105 629 867 1681
Dataset/FaceData/processed\2254810032\z5991281530312_8a4727b6f11af1b491afb09a0cf3343b.png 209 743 1133 2051
Dataset/FaceData/processed\2254810032\z5991281780033_b931aa119a705d7970473841de9ae2f7.png 413 742 1278 1879
Dataset/FaceData/processed\2254810032\z5991122470454_7ae126ccc21d1db3da21b453c61b4c01.png 201 860 977 1963
Dataset/FaceData/processed\2254810032\z5980376822409_85a27b88a528168ecf2ac7e4f1b6fdcc.png 95 667 1074 2062
Dataset/FaceData/processed\2254810032\z5991281797154_9ce4e64f254f975512836d70d2a98ce1.png 347 856 1120 1796
Dataset/FaceData/processed\2254810032\z5991122471838_cd54987d3bac70e91c0b4be78120c803.png 274 677 1264 2102
Dataset/FaceData/processed\2254810032\z5991122507110_1fb90eb217275c20a2531ab7f92d93ab.png 382 730 1117 1756
Dataset/FaceData/processed\2254810032\z5991238292486_22fec77d71aaf5cc3cc808a4cccbf836.png 209 743 1133 2051
Dataset/FaceData/processed\2254810032\z5991238187763_d627069b7f5a5a693aa94de75cde061d.png 257 795 1027 1849
Dataset/FaceData/processed\2254810032\z5980376851931_087afe545509e8342fb199bfb1ea09bb.png 277 489 1248 1813
Dataset/FaceData/processed\2254810032\z5991281811265_3ece4724b8043b70ee6e30c1d9d31ed9.png 257 892 844 1714
Dataset/FaceData/processed\2254810032\z5991281767063_f964666f1cbc3696dc537e901a204bcb.png 200 763 988 1838
Dataset/FaceData/processed\2254810032\z5991238749971_d49610bb6cfd39b048f8b00af5ddabf9.png 386 896 1016 1745
Dataset/FaceData/processed\2254810032\z5991122471907_8100f3133fc157bc1572ce21b13ec454.png 427 853 1207 1985
Dataset/FaceData/processed\2254810032\z5991122484480_de09126f06f34107adbecfd496febd51.png 164 453 1139 1819
Dataset/FaceData/processed\2331540042\z5991349743391_bad6f362eb271e8bad446536e1cab58c.png 163 446 1411 2170
Dataset/FaceData/processed\2331540042\z5991349787868_796b57f4fc2a467eebcbf09bc3c54a61.png 321 719 1482 2357
Dataset/FaceData/processed\2331540042\z5991349614596_aa3aaf69e74fb3b6c3ad2ab15d4bf2bc.png 317 857 1244 2138
Dataset/FaceData/processed\2331540042\z5991349534837_68fb0e8c608ba56d1c9db5f5eab6463e.png 392 863 1428 2228
Dataset/FaceData/processed\2331540042\z5980314915260_e0f1931d851cca68296e8c0dffba0163.png 74 870 998 2065
Dataset/FaceData/processed\2331540042\z5991349712401_752f7a10d1e539ad9da02599d7f1cabe.png 262 529 1388 2216
Dataset/FaceData/processed\2331540042\z5991349765662_89ddaef7a8a430668cc4549afe2610a8.png 409 714 1417 2046
Dataset/FaceData/processed\2331540042\z5991349730686_7c96b7c4dbae00dca3bf2c30997b438c.png 338 652 1527 2351
Dataset/FaceData/processed\2331540042\z5991349806616_4a7af6781a34ece15de63f8c21f807d1.png 311 845 1506 2542
Dataset/FaceData/processed\2331540042\z5991349729534_752b2daaa53babea955179a5a34988fd.png 327 635 1542 2369
Dataset/FaceData/processed\2331540042\z5991349702625_0e1e647e018bc8c43d23f5b8b97b4085.png 213 545 1392 2178
Dataset/FaceData/processed\2331540042\z5991349762237_b4f1c152a0e700606736b81e46140545.png 227 869 1312 2483
Dataset/FaceData/processed\2331540042\z5991349563247_f35b32f0ad16a0f0580924fd55e2e50d.png 264 823 1373 2351
Dataset/FaceData/processed\2331540042\z5991349614835_6bc2b1b69037c642b501411dedc3646b.png 358 774 1330 2121
Dataset/FaceData/processed\2331540042\z5980314969003_374ca230cf4e4282b80f43cb4b60b5be.png 378 808 1483 2252
Dataset/FaceData/processed\2331540042\z5991349688833_6b372b2655e5b981db2baa39e26d1064.png 217 595 1422 2273
Dataset/FaceData/processed\2331540042\z5991349631939_a03a169783d9e1d7daf0a893b70989ff.png 332 761 1400 2187
Dataset/FaceData/processed\2331540042\z5991349743150_ea1dc2bf72fc291ce8a887e14619b3c0.png 420 411 1609 2035
Dataset/FaceData/processed\2331540042\z5991349806863_c686ad7e7c33248264963227ec96967f.png 305 639 1304 2110
Dataset/FaceData/processed\2331540042\z5991349555562_66cfe31b13ed7b0546838e3be07d15d7.png 285 872 1429 2460
Dataset/FaceData/processed\2331540042\z5991349648494_5c038f0b7a6362155f8d964535cf451d.png 361 735 1349 2028
Dataset/FaceData/processed\2331540042\z5991349652445_5f2268b5304f03f130c83053ed56ed91.png 282 742 1161 1884
Dataset/FaceData/processed\2331540042\z5991349790428_773a75492036c9d1e598e6d038e602f2.png 195 695 1260 2251
Dataset/FaceData/processed\2331540042\z5991349669343_a5780fc93d771ec714f07bcdabe7aff4.png 263 781 1226 2212
Dataset/FaceData/processed\2331540042\z5991349577437_1035d93ed8e7f55a24e77e9200b7c44b.png 312 819 1395 2273
Dataset/FaceData/processed\2331540042\z5991349686425_4625f437c0a9ddf45808056060d0c3fc.png 239 766 1203 2175
Dataset/FaceData/processed\2331540042\z5991349567999_b72ca2eaa9997a8af07b042ee0261d6e.png 220 974 1260 2304
Dataset/FaceData/processed\2331540042\z5991349778561_a21ace6c2a33f1f51fd40e1179c57af1.png 167 903 1257 2536
Dataset/FaceData/processed\2331540042\z5991349820100_529aa6e9eb460f75d0e7ddda675f43d4.png 383 757 1338 2048
Dataset/FaceData/processed\2331540042\z5991349673602_08acb5127e39b700691462c360b40270.png 324 742 1324 2137
Dataset/FaceData/processed\2331540042\z5991349746688_884655d5511061d1ccba9056d56c098a.png 287 595 1383 2016
Dataset/FaceData/processed\2331540042\z5980314832922_e8ecbdf8265b3e60d798a40462f55efa.png 232 508 1367 2174
Dataset/FaceData/processed\2331540042\z5991349753115_fad4e061945c240a061add8cfae09aa0.png 317 770 1228 1924
Dataset/FaceData/processed\2331540042\z5991349603314_81b50c897e62c9d57a85ac99d04331e6.png 282 860 1276 2192
Dataset/FaceData/processed\2331540042\z5991349553256_ae6ecdc00c2a04301e72a17d68ab7528.png 264 867 1298 2189
Dataset/FaceData/processed\2331540042\z5991349802074_b7c2c82fb63e991c36c816987f7d390b.png 324 838 1430 2480
Dataset/FaceData/processed\2331540042\z5980314991743_cfa265e97548045933faf14628d6b652.png 264 935 1313 2247
Dataset/FaceData/processed\2331540042\z5991349523966_21d3c6b50dd99d56d2c85eb63b9ae395.png 261 870 1415 2438
Dataset/FaceData/processed\2331540042\z5991349698901_4bbef0753be0c0c8f5ad9283e670872a.png 212 567 1393 2200
Dataset/FaceData/processed\2331540042\z5991349713163_2f99b935f4ae6e5713ea6fb2e73aef8d.png 233 567 1401 2221
Dataset/FaceData/processed\2331540042\z5980314962987_f7bf9f00a2aca83529392cbf267a3fab.png 120 746 1231 2221
Dataset/FaceData/processed\2331540042\z5980314958459_ac62647396b8dfde527352a272756d57.png 339 403 1345 1808
Dataset/FaceData/processed\2331540042\z5991349611311_03fae6f366b028a1d7a086a200a07396.png 162 761 1103 2125
Dataset/FaceData/processed\2331540042\z5980314974652_32cf607e32b7eec2f72c843495daca84.png 154 1037 1271 2560
Dataset/FaceData/processed\2331540042\z5991349691000_0a28381caa5cb905a71d36f9cb8dfe14.png 311 785 1271 2152
Dataset/FaceData/processed\2331540042\z5991349587865_1f04143c83bc4f74a2539121c826e944.png 358 861 1441 2324
Dataset/FaceData/processed\2331540042\z5991349513427_7901e52581f50ff9a8fd8991e499e495.png 263 859 1398 2412
Dataset/FaceData/processed\2331540042\z5991349771342_e1366afe0dab134377bd2eab86a1283a.png 225 1003 1329 2552
Dataset/FaceData/processed\2331540042\z5991349521647_8206f88ddc542b1c1b49e7428f4dc3f5.png 286 847 1424 2380
Dataset/FaceData/processed\2331540042\z5991349625301_d1d7b10f9ac2b437bd8eda077f5e9672.png 328 844 1321 2193
Dataset/FaceData/processed\2331540042\z5991349589151_e3cfa46008e821e78701bfa4fb649912.png 328 816 1432 2319
Dataset/FaceData/processed\2331540042\z5991349657876_a1ad79809433342c4521f0e25354c795.png 300 721 1168 1925
Dataset/FaceData/processed\2331540042\z5991349655348_8ff25aac5ce6f4de9bdf04c0dab5e9cc.png 407 684 1302 1913
Dataset/FaceData/processed\2331540042\z5991349549405_99e33f502cb927caf87a4b6bd1ab441c.png 263 861 1383 2452
Dataset/FaceData/processed\2331540042\z5991349536557_7a3091428fe6157f4667279c2fdb4a62.png 243 847 1404 2395
Dataset/FaceData/processed\2331540042\z5980314954753_8fb7756c84c3a339f1a005e837cbafa2.png 736 1187 1632 2467
Dataset/FaceData/processed\2331540042\z5991349574415_f259bc153fb9b3c2780eb28f933c13c1.png 164 904 1214 2265
Dataset/FaceData/processed\2331540042\z5980314863177_f3c22be6f540d4e164fd91df3f734694.png 195 928 1038 2031
Dataset/FaceData/processed\2331540042\z5991349639209_53369fcd51377ada18941d1516185d5c.png 302 733 1381 2174
